0.01693090619965683 0.8952539112379991
0.8952539112379991 0.11149102121645216
0.11149102121645216 0.9395267964111933
0.9395267964111933 0.12822985510067042
0.12822985510067042 0.1780039929831716
0.1780039929831716 0.29982708249453704
0.29982708249453704 0.349718406372177
0.349718406372177 0.05928746025390619
0.05928746025390619 0.821979314656264
0.821979314656264 0.8813971641557462
0.8813971641557462 0.1600728759986505
0.1600728759986505 0.6478052223341244
0.6478052223341244 0.48791600106574284
0.48791600106574284 0.3141032450405956
0.3141032450405956 0.19139873274172148
0.19139873274172148 0.9446572028415583
0.9446572028415583 0.5188442683722934
0.5188442683722934 0.2676199248121214
0.2676199248121214 0.03260717899292054
0.03260717899292054 0.668070657182166
0.668070657182166 0.6821491168816021
0.6821491168816021 0.6475593894206417
0.6475593894206417 0.7218728019778698
0.7218728019778698 0.9863613429906355
0.9863613429906355 0.7269126368221712
0.7269126368221712 0.20125429313455756
0.20125429313455756 0.18253196103887914
0.18253196103887914 0.47040999270389894
0.47040999270389894 0.7674845180558061
0.7674845180558061 0.5206506284455146
0.5206506284455146 0.5967987041058314
0.5967987041058314 0.9329664615591753
0.9329664615591753 0.2041259184540014
0.2041259184540014 0.4251325942031716
0.4251325942031716 0.3856565436908257
0.3856565436908257 0.11768496784393934
0.11768496784393934 0.7853824825881303
0.7853824825881303 0.48518023750696604
0.48518023750696604 0.12194265611383592
0.12194265611383592 0.4040279549746775
0.4040279549746775 0.8074056150622544
0.8074056150622544 0.21708966254654305
0.21708966254654305 0.06762398109514756
0.06762398109514756 0.5232602689790542
0.5232602689790542 0.3179675755567408
0.3179675755567408 0.29048586114665365
0.29048586114665365 0.5428898096888237
0.5428898096888237 0.09824758907571329
0.09824758907571329 0.9462953875057156
0.9462953875057156 0.7385613968833187
0.7385613968833187 0.8332959546103517
0.8332959546103517 0.18731139508063221
0.18731139508063221 0.22988781613016274
0.22988781613016274 0.7071403542487755
0.7071403542487755 0.011854124120699083
0.011854124120699083 0.5911737222406365
0.5911737222406365 0.4615014401422548
0.4615014401422548 0.9037448596376609
0.9037448596376609 0.04993290720481225
0.04993290720481225 0.9697731405271368
0.9697731405271368 0.727117960139607
0.727117960139607 0.10542057947805983
0.10542057947805983 0.33261921096847935
0.33261921096847935 0.8149986928442599
0.8149986928442599 0.18611833067292816
0.18611833067292816 0.5229807861698443
0.5229807861698443 0.6811090279923251
0.6811090279923251 0.5865048367925025
0.5865048367925025 0.48090840078856756
0.48090840078856756 0.713039237557286
0.713039237557286 0.18655087636533407
0.18655087636533407 0.7128814437168005
0.7128814437168005 0.801560038925472
0.801560038925472 0.6581559687427906
0.6581559687427906 0.9181190960653411
0.9181190960653411 0.49423514320673556
0.49423514320673556 0.46923612411602367
0.46923612411602367 0.627989838688749
0.627989838688749 0.31294694731941197
0.31294694731941197 0.4071796025423384
0.4071796025423384 0.8640606433323637
0.8640606433323637 0.9084907642491091
0.9084907642491091 0.22790345259280875
0.22790345259280875 0.0667372714030936
0.0667372714030936 0.25042799902531865
0.25042799902531865 0.521743625590966
0.521743625590966 0.6360557536553316
0.6360557536553316 0.9145240883400265
0.9145240883400265 0.0657350183265395
0.0657350183265395 0.05049384159339354
0.05049384159339354 0.5187267632981105
0.5187267632981105 0.40709074632632314
0.40709074632632314 0.316143458952574
0.316143458952574 0.9327062891107132
0.9327062891107132 0.7570815443006476
0.7570815443006476 0.46224008529903937
0.46224008529903937 0.17573974753163868
0.17573974753163868 0.5344928912766025
0.5344928912766025 0.8688188629001079
0.8688188629001079 0.6859161967348482
0.6859161967348482 0.1828162648059639
0.1828162648059639 0.9113889272916533
0.9113889272916533 0.954460502383434
0.954460502383434 0.4154382558358771
0.4154382558358771 0.02765052235028609
0.02765052235028609 0.8003767968971016
0.8003767968971016 0.9308848153822513
0.9308848153822513 0.6083052075733288
0.6083052075733288 0.9823539066334603
0.9823539066334603 0.5104392268417159
0.5104392268417159 0.17600061633070507
0.17600061633070507 0.3657827355965817
0.3657827355965817 0.07225525289020074
0.07225525289020074 0.9954909078021332
0.9954909078021332 0.6208340010795639
0.6208340010795639 0.18908945469545313
0.18908945469545313 0.5612945357855463
0.5612945357855463 0.4777099255665731
0.4777099255665731 0.02297908985368302
0.02297908985368302 0.248891706691583
0.248891706691583 0.6459552759388276
0.6459552759388276 0.46519416784681766
0.46519416784681766 0.6450183821413482
0.6450183821413482 0.34954335501129274
0.34954335501129274 0.460223719436049
0.460223719436049 0.16402179807738104
0.16402179807738104 0.15485670831749143
0.15485670831749143 0.1274494441550127
0.1274494441550127 0.5926566525687718
0.5926566525687718 0.6485783915450554
0.6485783915450554 0.012591053954888132
0.012591053954888132 0.8346575253628989
0.8346575253628989 0.5677364190473542
0.5677364190473542 0.1947596873772799
0.1947596873772799 0.9506834606072265
0.9506834606072265 0.7960127140525308
0.7960127140525308 0.7272648179197976
0.7272648179197976 0.5899240329362081
0.5899240329362081 0.9174425525738932
0.9174425525738932 0.5122039451667575
0.5122039451667575 0.6266693421093859
0.6266693421093859 0.38746615191309686
0.38746615191309686 0.29609900548091783
0.29609900548091783 0.37033230468046474
0.37033230468046474 0.8417250644529619
0.8417250644529619 0.3858916931756098
0.3858916931756098 0.4930291675843921
0.4930291675843921 0.7241216081131788
0.7241216081131788 0.8712919003143007
0.8712919003143007 0.13612662059264657
0.13612662059264657 0.3703072113726109
0.3703072113726109 0.021435322495480413
0.021435322495480413 0.4551524683470043
0.4551524683470043 0.013007822532627111
0.013007822532627111 0.25807492544655397
0.25807492544655397 0.8680623031047943
0.8680623031047943 0.10032750681124569
0.10032750681124569 0.25688782320160636
0.25688782320160636 0.09191690205485514
0.09191690205485514 0.9869003643110268
0.9869003643110268 0.5369257954144859
0.5369257954144859 0.7561253142255289
0.7561253142255289 0.9852305541821111
0.9852305541821111 0.0525640502975433
0.0525640502975433 0.3868240527119742
0.3868240527119742 0.5972515630773749
0.5972515630773749 0.7645495880511204
0.7645495880511204 0.8488443772155487
0.8488443772155487 0.3436518884833988
0.3436518884833988 0.4891998131920303
0.4891998131920303 0.9683954589664592
0.9683954589664592 0.3893501513131614
0.3893501513131614 0.7841288475726023
0.7841288475726023 0.7147759670318707
0.7147759670318707 0.6598761823007209
0.6598761823007209 0.5421184651114386
0.5421184651114386 0.8745068534435689
0.8745068534435689 0.21257020840699425
0.21257020840699425 0.5686149333878276
0.5686149333878276 0.8631309309191497
0.8631309309191497 0.291824221243163
0.291824221243163 0.5458398817979262
0.5458398817979262 0.7913564553954029
0.7913564553954029 0.5789352051572525
0.5789352051572525 0.8653649532571384
0.8653649532571384 0.5093894469415714
0.5093894469415714 0.9555511268050255
0.9555511268050255 0.9175472645707295
0.9175472645707295 0.4560868684373922
0.4560868684373922 0.7474910346961937
0.7474910346961937 0.6353719649161842
0.6353719649161842 0.12293408114763693
0.12293408114763693 0.03879960782717751
0.03879960782717751 0.1201918996008744
0.1201918996008744 0.402348110050331
0.402348110050331 0.5218838690740232
0.5218838690740232 0.2511953565938605
0.2511953565938605 0.8106310780646693
0.8106310780646693 0.7153967993171588
0.7153967993171588 0.6499116266644362
0.6499116266644362 0.18220124742673094
0.18220124742673094 0.533983438133478
0.533983438133478 0.005464242385737839
0.005464242385737839 0.23317995034264793
0.23317995034264793 0.8370488776784866
0.8370488776784866 0.8249686756036603
0.8249686756036603 0.6861941270136684
0.6861941270136684 0.9857733934163815
0.9857733934163815 0.7573062551119754
0.7573062551119754 0.5673250235107679
0.5673250235107679 0.016443772509471266
0.016443772509471266 0.11775296704468197
0.11775296704468197 0.7372147983977337
0.7372147983977337 0.18571474183918735
0.18571474183918735 0.8604596092532553
0.8604596092532553 0.6277765342379178
0.6277765342379178 0.9493047594664087
0.9493047594664087 0.6448558341851562
0.6448558341851562 0.6811839826494088
0.6811839826494088 0.173419130670025
0.173419130670025 0.10784721096660066
0.10784721096660066 0.8132449388153676
0.8132449388153676 0.2117285517936316
0.2117285517936316 0.5129457504845392
0.5129457504845392 0.11302394875741784
0.11302394875741784 0.582271937293469
0.582271937293469 0.2889236487113571
0.2889236487113571 0.4236935704385676
0.4236935704385676 0.3718342142834452
0.3718342142834452 0.3040686505547767
0.3040686505547767 0.7462080170575771
0.7462080170575771 0.23933458178988842
0.23933458178988842 0.33448803943583316
0.33448803943583316 0.6177890260742247
0.6177890260742247 0.44830769977661733
0.44830769977661733 0.8696054456335391
0.8696054456335391 0.5014859719130644
0.5014859719130644 0.16459280366550688
0.16459280366550688 0.09606564403143825
0.09606564403143825 0.7907564405868086
0.7907564405868086 0.18966797700985683
0.18966797700985683 0.6259740030894311
0.6259740030894311 0.9035759931850004
0.9035759931850004 0.314753857414523
0.314753857414523 0.029861958071715655
0.029861958071715655 0.590269103354206
0.590269103354206 0.13459096584760344
0.13459096584760344 0.44371794192939573
0.44371794192939573 0.16613329040153269
0.16613329040153269 0.6139526968876203
0.6139526968876203 0.8715975552595546
0.8715975552595546 0.0684087515223406
0.0684087515223406 0.8554930296058303
0.8554930296058303 0.5556231283623392
0.5556231283623392 0.9690835303370595
0.9690835303370595 0.13553519826725324
0.13553519826725324 0.45084531519088356
0.45084531519088356 0.28001080471675877
0.28001080471675877 0.005547841369333284
0.005547841369333284 0.34799828441416714
0.34799828441416714 0.07939528623366154
0.07939528623366154 0.05303677809488638
0.05303677809488638 0.8365703858349429
0.8365703858349429 0.2753396503468186
0.2753396503468186 0.6337999699739918
0.6337999699739918 0.186567021027932
0.186567021027932 0.7732358364302363
0.7732358364302363 0.8396342342286425
0.8396342342286425 0.5061393264024538
0.5061393264024538 0.3667640785977144
0.3667640785977144 0.35249422526584073
0.35249422526584073 0.4286201391946738
0.4286201391946738 0.44725435347926723
0.44725435347926723 0.2517311142338672
0.2517311142338672 0.9324446305199579
0.9324446305199579 0.6448631085117857
0.6448631085117857 0.5473101010299057
0.5473101010299057 0.5388619682491547
0.5388619682491547 0.6365904357976794
0.6365904357976794 0.9188683820531649
0.9188683820531649 0.788995452787906
0.788995452787906 0.4250626413553642
0.4250626413553642 0.463026661067927
0.463026661067927 0.011409794085345482
0.011409794085345482 0.43774464095097954
0.43774464095097954 0.49945013064009847
0.49945013064009847 0.8093420069510391
0.8093420069510391 0.14263009088911582
0.14263009088911582 0.7009085856359885
0.7009085856359885 0.1777069298718077
0.1777069298718077 0.220355079289563
0.220355079289563 0.19937682854170147
0.19937682854170147 0.0496838365509884
0.0496838365509884 0.964305802082178
0.964305802082178 0.44114819101890346
0.44114819101890346 0.6455601446842374
0.6455601446842374 0.3533846350429952
0.3533846350429952 0.0603279447732501
0.0603279447732501 0.8871074007232584
0.8871074007232584 0.3087255504552804
0.3087255504552804 0.6777851791214791
0.6777851791214791 0.16897217232543849
0.16897217232543849 0.11253992918683586
0.11253992918683586 0.1630975001411794
0.1630975001411794 0.0618635290037548
0.0618635290037548 0.6446143403088685
0.6446143403088685 0.9192712135931846
0.9192712135931846 0.8465319328334313
0.8465319328334313 0.4476006771360179
0.4476006771360179 0.9837498234958042
0.9837498234958042 0.7625041976928237
0.7625041976928237 0.9523438928523866
0.9523438928523866 0.6266589834609554
0.6266589834609554 0.45372174476662064
0.45372174476662064 0.5379255502113081
0.5379255502113081 0.5605769563005134
0.5605769563005134 0.5435658392881333
0.5435658392881333 0.1855935105075215
0.1855935105075215 0.731497676341347
0.731497676341347 0.5634534601345536
0.5634534601345536 0.5887390615153074
0.5887390615153074 0.40032242234509186
0.40032242234509186 0.8362595907214838
0.8362595907214838 0.7747760816108764
0.7747760816108764 0.2209349500352038
0.2209349500352038 0.8361893474741693
0.8361893474741693 0.508545911467646
0.508545911467646 0.26968747434549645
0.26968747434549645 0.8701733201344934
0.8701733201344934 0.773463381779361
0.773463381779361 0.6019524714526903
0.6019524714526903 0.4544466790864634
0.4544466790864634 0.5038776751919429
0.5038776751919429 0.9530268601762648
0.9530268601762648 0.31865556298286746
0.31865556298286746 0.5791421500543346
0.5791421500543346 0.41858272593516177
0.41858272593516177 0.786388194906765
0.786388194906765 0.4192171782355505
0.4192171782355505 0.8861636695979596
0.8861636695979596 0.46271494543208447
0.46271494543208447 0.983207417156837
0.983207417156837 0.8994983902872642
0.8994983902872642 0.7573846241179565
0.7573846241179565 0.1546002644262412
0.1546002644262412 0.9473107070377758
0.9473107070377758 0.5419714584044277
0.5419714584044277 0.547657176472919
0.547657176472919 0.5554745383661119
0.5554745383661119 0.34648409904217625
0.34648409904217625 0.19753991119449554
0.19753991119449554 0.9706503599846732
0.9706503599846732 0.7021197117229059
0.7021197117229059 0.2541024638976803
0.2541024638976803 0.6351499881621432
0.6351499881621432 0.09900889273932756
0.09900889273932756 0.6478873731918176
0.6478873731918176 0.45494381029950937
0.45494381029950937 0.8340758990356654
0.8340758990356654 0.08146312716887416
0.08146312716887416 0.23381899042671206
0.23381899042671206 0.6989148696193901
0.6989148696193901 0.36821936032225144
0.36821936032225144 0.9912322707964669
0.9912322707964669 0.8681204653366612
0.8681204653366612 0.9989255798851782
0.9989255798851782 0.18863538496946908
0.18863538496946908 0.07173572080882584
0.07173572080882584 0.18363356975256773
0.18363356975256773 0.873383235136217
0.873383235136217 0.8150667517334276
0.8150667517334276 0.3991966488254606
0.3991966488254606 0.6132957785456665
0.6132957785456665 0.6536433342194563
0.6536433342194563 0.9987381280077607
0.9987381280077607 0.876654744117985
0.876654744117985 0.23464928671216456
0.23464928671216456 0.05718448923745867
0.05718448923745867 0.21769370361363816
0.21769370361363816 0.15863735688614833
0.15863735688614833 0.5874625502061797
0.5874625502061797 0.6078838233959452
0.6078838233959452 0.5844972336869481
0.5844972336869481 0.3118578499295847
0.3118578499295847 0.1490761890373853
0.1490761890373853 0.230097540017546
0.230097540017546 0.5025452121750065
0.5025452121750065 0.09752291431203508
0.09752291431203508 0.6621419578281791
0.6621419578281791 0.936418604517057
0.936418604517057 0.43839626118028097
0.43839626118028097 0.6592757487259311
0.6592757487259311 0.690965305352337
0.690965305352337 0.3197237616553239
0.3197237616553239 0.2744332145523547
0.2744332145523547 0.14179303590148296
0.14179303590148296 0.5066075419159954
0.5066075419159954 0.5710640078368421
0.5710640078368421 0.18027291601599704
0.18027291601599704 0.5769921072027411
0.5769921072027411 0.9779567625991605
0.9779567625991605 0.5811878006890698
0.5811878006890698 0.4419110226522269
0.4419110226522269 0.6753688801706392
0.6753688801706392 0.39646380530040526
0.39646380530040526 0.4667278318524024
0.4667278318524024 0.2490575818903049
0.2490575818903049 0.35272799170413194
0.35272799170413194 0.9486364490602286
0.9486364490602286 0.5173648982723713
0.5173648982723713 0.18924867960821068
0.18924867960821068 0.9917254956360737
0.9917254956360737 0.6684644577692138
0.6684644577692138 0.7463268848913701
0.7463268848913701 0.973727712709053
0.973727712709053 0.2627445595391156
0.2627445595391156 0.7230770260880476
0.7230770260880476 0.9729162664303359
0.9729162664303359 0.6506401434429943
0.6506401434429943 0.6711910656818869
0.6711910656818869 0.11515592529669116
0.11515592529669116 0.5951466392516902
0.5951466392516902 0.7781991214143082
0.7781991214143082 0.9953813164442452
0.9953813164442452 0.449410651349448
0.449410651349448 0.4428594167320332
0.4428594167320332 0.3831969912153803
0.3831969912153803 0.29947522075775934
0.29947522075775934 0.6223616894582333
0.6223616894582333 0.9901879301745133
0.9901879301745133 0.23708315085442755
0.23708315085442755 0.6998043652619388
0.6998043652619388 0.8498699013675528
0.8498699013675528 0.9823280655037276
0.9823280655037276 0.4652941432011386
0.4652941432011386 0.41496716298991476
0.41496716298991476 0.9659659817449919
0.9659659817449919 0.11884825438954127
0.11884825438954127 0.9149399604531352
0.9149399604531352 0.30499238260846173
0.30499238260846173 0.12375928990101448
0.12375928990101448 0.34659263419386077
0.34659263419386077 0.5023302568960628
0.5023302568960628 0.2962417015087427
0.2962417015087427 0.5918721093334338
0.5918721093334338 0.09354292798984387
0.09354292798984387 0.13955888493531288
0.13955888493531288 0.042530389563448345
0.042530389563448345 0.8152518897825551
0.8152518897825551 0.380418135186285
0.380418135186285 0.2772606679017984
0.2772606679017984 0.25405618927319784
0.25405618927319784 0.36317224766904843
0.36317224766904843 0.42026333795979287
0.42026333795979287 0.5077959089482404
0.5077959089482404 0.9240039309848609
0.9240039309848609 0.641624320721153
0.641624320721153 0.5370202365275221
0.5370202365275221 0.5378005816343123
0.5378005816343123 0.6710883053122845
0.6710883053122845 0.9891255713040883
0.9891255713040883 0.6332943017883568
0.6332943017883568 0.17670451457388214
0.17670451457388214 0.22821779175811407
0.22821779175811407 0.04301357769955905
0.04301357769955905 0.9858867474994599
0.9858867474994599 0.6103407472064695
0.6103407472064695 0.7565800724085796
0.7565800724085796 0.9875178995396929
0.9875178995396929 0.0292328738672627
0.0292328738672627 0.5765266670959246
0.5765266670959246 0.3904332810952891
0.3904332810952891 0.7586334812455306
0.7586334812455306 0.9872379446785944
0.9872379446785944 0.6296314880484859
0.6296314880484859 0.26553717684141986
0.26553717684141986 0.9000878893066566
0.9000878893066566 0.9183622834040686
0.9183622834040686 0.11571980112780933
0.11571980112780933 0.23808206200306992
0.23808206200306992 0.11521495319959829
0.11521495319959829 0.7050590502003158
0.7050590502003158 0.6424660074445352
0.6424660074445352 0.7696562662537849
0.7696562662537849 0.8839231254762587
0.8839231254762587 0.4014380279740881
0.4014380279740881 0.5508148969763331
0.5508148969763331 0.605658518192409
0.605658518192409 0.3158188347866555
0.3158188347866555 0.9560069159581538
0.9560069159581538 0.9890255041828995
0.9890255041828995 0.3380886343795031
0.3380886343795031 0.9642589117295535
0.9642589117295535 0.9355713428402197
0.9355713428402197 0.9232870273672673
0.9232870273672673 0.5859126466299058
0.5859126466299058 0.1256278219187159
0.1256278219187159 0.08620240732331874
0.08620240732331874 0.5676959971446858
